+------------+--------+-----------+-----------+----------+--------+--------+--------+
| Dest name  |  true  | remaining | estimated | path_len |  mean  |  max   |  min   |
+------------+--------+-----------+-----------+----------+--------+--------+--------+
| WayPoint1  | 60.226 |   57.823  |   32.92   |  8.558   | 60.226 | 60.226 | 60.226 |
| WayPoint10 |  51.4  |   32.999  |   27.91   |  7.256   | 30.113 |  51.4  | 8.826  |
|            | 8.826  |   8.826   |     0     |   0.0    |        |        |        |
| WayPoint11 | 60.226 |   57.423  |   64.59   |  16.793  | 60.226 | 60.226 | 60.226 |
| WayPoint2  | 60.226 |   57.423  |   43.71   |  11.365  | 60.226 | 60.226 | 60.226 |
| WayPoint3  |  30.8  |   27.997  |   25.97   |  6.752   | 30.113 |  30.8  | 29.426 |
|            | 29.426 |   17.026  |   11.71   |  3.045   |        |        |        |
| WayPoint4  | 60.226 |   29.026  |    25.4   |  6.604   | 60.226 | 60.226 | 60.226 |
| WayPoint5  | 46.401 |   43.001  |   36.93   |  9.603   | 30.113 | 46.401 | 13.825 |
|            | 13.825 |   13.825  |     0     |   0.0    |        |        |        |
| WayPoint6  |  14.8  |   11.997  |   16.44   |  4.275   | 30.113 | 45.426 |  14.8  |
|            | 45.426 |   12.817  |   16.77   |   4.36   |        |        |        |
| WayPoint7  |  42.2  |    27.0   |    15.7   |  4.083   | 30.113 |  42.2  | 18.026 |
|            | 18.026 |   7.826   |   15.16   |   3.94   |        |        |        |
| WayPoint8  | 17.401 |   14.001  |   13.21   |  3.435   | 30.113 | 42.825 | 17.401 |
|            | 42.825 |   42.825  |     0     |   0.0    |        |        |        |
| WayPoint9  | 60.226 |   57.423  |   55.67   |  14.475  | 60.226 | 60.226 | 60.226 |
+------------+--------+-----------+-----------+----------+--------+--------+--------+
Average idleness: 43.801
-----------
Variance idleness: 224.825
-----------
Total visits: 9
